9.0261
-27.2753
-27.2999
-6.3710
2.2450
-18.2929
-23.4951
-6.9612
-8.2553
5.2343
16.7733
-7.7235
-3.3572
10.7965
-3.9277
-9.3653
-10.4716
-13.4944
-8.6300
-12.4908
1.7587
8.3474
-8.8859
15.3402
29.7375
3.2238
-9.1424
12.9952
31.4171
2.7929
-9.5269
16.0463
14.3133
1.5513
3.3573
-7.0733
-3.2268
15.9498
-3.8695
-2.8522
16.4150
11.1628
10.7211
10.0534
8.4197
16.0924
17.9367
6.8548
5.9459
10.3845
17.3480
0.2986
-11.4685
7.6966
9.3327
8.8704
28.9051
25.3898
9.2786
4.6643
-13.6890
-29.0051
-13.3124
-6.8405
-25.4490
-36.9699
-28.5598
-15.5054
-10.1076
-13.1411
11.5969
22.5290
-6.3115
-19.4870
-31.5169
-18.1715
-3.9172
-3.8084
3.2527
-3.9477
-4.5170
1.4737
5.8942
16.8523
29.6752
27.8506
17.0986
4.7832
-9.7783
-1.2452
4.9222
-2.2161
12.2515
3.3536
-15.7922
-21.3436
-9.4958
9.4816
16.8457
13.8830
6.3660
9.1076
6.8242
7.9639
-7.7105
-18.2797
-15.5035
-10.5607
1.8276
-2.9814
1.4586
6.6726
-2.6489
-11.1959
-16.0533
1.8739
10.0664
-4.1708
-16.6935
-21.5323
-28.3819
-32.4239
-18.8752
-12.1791
-7.9707
-9.9705
-31.4865
-6.0130
14.4333
-21.1089
-25.7495
-12.1511
-10.8362
-3.8358
9.2103
7.3639
10.6107
13.0089
5.0742
17.6714
42.8918
71.8134
74.2796
11.0359
-48.8230
-15.0699
63.0480
80.7051
58.3531
59.3692
54.1183
21.5583
-15.6860
-28.8070
-22.3967
-27.3193
-31.2897
-44.5613
-69.2216
-56.2004
-17.6240
-0.3461
-12.0299
4.5745
44.7363
29.1189
-10.4134
-22.5024
-23.7466
-5.3801
8.1628
-8.1819
1.2495
35.0998
66.1538
58.5596
27.0654
17.5937
11.3729
-28.7540
-58.5006
-25.4951
5.8195
-24.5110
-84.9767
-79.5919
0.1391
84.2895
65.3207
-4.4456
7.3942
63.3581
58.0786
-36.6898
-41.6168
68.5179
72.1461
30.3288
47.2930
23.3449
-26.0478
5.5572
95.7606
103.2163
-78.6700
-163.4602
-80.8055
-26.5941
-15.6560
-24.7811
-33.7002
-35.4952
2.1767
19.8590
-11.7040
-8.5295
-22.0699
-117.3858
-149.7928
-75.5544
23.6195
129.0182
188.5030
191.3058
98.5152
-60.5672
-73.0314
0.4753
49.9062
72.6466
40.2634
-50.1693
-113.2855
-66.7961
-35.4071
10.4924
124.4663
159.4129
12.3692
-118.2776
-80.9253
-52.5826
-111.1423
-96.1877
-52.2693
-78.0589
-88.4954
-81.5529
-50.8871
21.9538
42.7281
13.9556
48.1995
72.0489
14.5901
-30.5509
54.0345
201.8757
175.0785
2.3041
-13.1133
54.8143
-43.0348
-185.7150
-267.8450
-231.2591
-78.9610
-33.8744
-129.9674
-136.2842
6.5985
174.2032
230.6665
183.5510
120.1859
49.7061
8.1429
74.1201
39.1665
-31.8610
35.3662
49.0051
-29.9761
-160.2950
-203.7608
-76.9227
9.1548
32.4587
31.0591
16.0600
140.8790
246.9421
123.2264
-74.4983
-101.3546
-2.6296
49.0325
35.5396
-55.9136
-151.7984
-70.8136
133.3937
230.5447
145.5219
2.2796
-61.8944
-23.8432
44.7657
44.2728
-44.5675
-109.7726
-73.3835
-64.1057
-46.5473
53.9192
114.3555
-88.8546
-248.2911
-2.7292
247.8452
167.2471
-10.5915
-29.0092
59.9450
149.9682
122.0168
-33.8271
-100.1364
9.7277
100.2883
39.4102
-90.3282
-119.5194
29.3389
101.9797
-44.8292
-123.9432
-18.3649
52.3265
50.6524
55.0685
60.4499
60.7077
-62.0146
-111.0972
25.1481
5.3639
-99.5103
-137.5296
-109.1850
40.1394
67.5492
-67.7715
-63.1529
38.1053
-0.5922
-92.1744
-88.1952
-54.2049
-6.5525
71.5406
102.3886
22.5853
-14.9724
44.5869
-3.1222
-55.6824
6.1579
65.9799
56.9974
-79.5524
-124.0699
40.2618
132.8028
68.6605
4.7586
-51.8144
-51.5838
13.0993
34.0241
51.1699
57.4449
15.8167
17.7128
-24.7855
-125.7508
-77.9926
13.7316
-46.1821
-182.3737
-181.3729
-11.2014
65.6981
-43.1127
-47.3526
32.5122
-32.1364
-84.4873
16.0199
126.6701
95.0260
-19.9312
-75.7233
-105.1865
-63.1725
49.2437
154.6125
-15.9150
-154.2541
-6.1775
148.6334
2.5836
-75.4392
30.1242
35.7889
66.4640
-14.8164
-106.1193
-33.5514
15.0673
7.4364
66.6984
44.5405
16.3111
-9.3624
-194.9709
-233.1136
-69.1293
108.1213
48.2293
-85.5552
1.1223
11.8801
-49.1361
37.6678
173.2168
124.4767
-9.9287
23.0798
147.2047
98.9466
-61.1105
-71.0685
58.1621
60.0018
-50.4161
-79.2317
-79.0118
-31.9209
66.6595
55.2009
-30.5980
-30.6031
32.7089
54.5523
24.3297
-7.8754
-17.0796
-47.5212
-25.3090
27.0046
3.1208
-32.9303
-2.5971
42.9021
14.6118
-55.9548
-65.7854
22.4127
53.9459
-42.1272
-41.4173
81.0856
118.3100
33.7089
-20.9553
15.6597
1.9989
-22.0308
30.4716
17.7675
-31.5674
-14.2119
-10.4701
-15.8001
-4.5539
-19.0165
-32.4687
-37.3171
-53.0009
-34.7201
47.8966
97.6766
25.5513
-51.2277
46.2297
31.1894
-54.8779
41.1412
29.3862
-25.9346
12.1527
9.0941
-17.9457
6.4765
64.4075
83.6389
12.5460
-42.9770
-17.6347
23.8429
94.3357
71.7525
2.1309
-9.6034
-9.0200
29.7012
55.2857
22.6500
-4.6149
-43.1493
-56.3962
7.2760
28.9237
-15.6836
-44.9931
3.8553
28.5422
-29.3998
-42.6170
-14.7890
-5.3624
3.6274
53.5627
105.6877
38.0539
-43.0855
-28.2305
4.8723
30.8920
32.7941
8.4248
-7.2022
9.0048
5.1711
-45.3837
-45.5002
5.9709
36.6775
36.4660
-6.2674
-69.4619
-43.3988
85.9957
95.0072
-29.9768
-49.3026
-4.7948
-15.2675
-8.1018
19.5593
4.8649
-20.0415
-27.6887
-11.0237
-28.2446
-31.8501
49.7252
48.2547
-40.3094
-1.5687
44.1275
29.5572
13.1062
-20.8162
-12.9755
22.5184
40.9351
16.1452
-32.9896
-10.1637
52.9118
29.8899
-40.4351
-43.3915
-17.5966
9.4567
6.6616
-29.6569
-17.1732
20.4126
30.3499
-3.7125
-40.2800
-51.0107
-42.4717
0.4259
38.4778
7.3009
-23.0512
-34.6307
-25.2788
30.2523
44.4616
27.1544
61.4982
63.4155
-22.6996
-98.5272
-87.0705
-31.7577
21.2360
30.9137
3.0670
-7.4107
-8.2304
27.3369
74.6204
38.4011
13.7697
-2.4160
-25.2910
-0.2780
-1.2812
-2.1930
5.5537
-22.5975
-25.9487
19.3133
9.4110
-28.9533
-59.6314
-71.4211
-9.0756
31.6882
-5.3475
-2.7723
15.8025
-25.1317
-34.8648
-24.1439
-6.4739
29.9941
28.2907
14.6087
33.4318
39.6746
35.7087
46.8605
2.7721
-84.4635
-81.1293
2.5670
14.2593
-32.6827
-19.5834
-20.8991
-31.3274
-1.9164
-12.8518
2.0769
65.9443
69.0942
-10.3324
-39.5460
-21.8866
4.6676
46.8671
31.7370
-15.4684
11.8152
20.3502
-45.1210
-66.6430
-37.1281
-14.7237
4.7313
15.8443
18.8711
-2.0429
-22.1763
16.9385
36.5820
25.2993
33.2931
30.8666
37.4839
40.0241
5.2475
-38.6336
-49.0742
-3.5056
-1.7457
-40.8968
-24.2231
-10.7013
-3.3442
26.6652
14.9878
-27.2703
-12.4315
27.1548
24.9171
23.6384
39.4888
31.4012
7.9823
-15.4889
5.6975
5.6543
-51.6552
-46.6815
-0.1087
16.8259
37.5293
46.1970
-8.6459
-33.6201
-11.3081
0.7687
24.3722
23.7209
-27.2141
-28.3791
20.5808
13.6624
0.3844
-2.2567
-11.1614
4.7302
6.3369
4.8245
39.3304
36.4687
-6.2615
-16.4110
-11.9988
-13.3941
-21.6150
-25.5299
-4.1518
4.6034
-17.9854
-41.1639
-32.7368
-21.0977
-14.6088
-12.1341
-40.2233
-14.9125
18.0351
9.6316
19.3888
29.2024
49.1775
30.4232
-22.6293
7.5229
6.8240
-17.3925
3.0181
-12.3613
-17.2071
10.4354
3.1998
-28.4217
-11.0191
19.4363
7.4972
-7.7848
-5.6544
1.7776
3.5283
-11.3331
-26.8416
-46.9493
-37.1281
13.2095
17.5530
-6.0677
7.4386
17.6200
-1.2647
12.1133
46.1353
31.1444
-14.4348
-1.7407
12.5787
-4.8207
3.0492
6.4446
-8.2954
-21.1059
-7.7630
-5.8763
-1.7705
27.9573
22.4097
4.0654
-2.1477
-12.5611
-18.9982
-33.6709
-24.7897
20.1593
18.3942
4.7607
28.1251
-0.6261
-27.0899
1.8863
7.2105
23.8048
13.5755
-12.6166
19.0031
30.0340
13.3646
29.5726
18.4405
-22.7521
-14.9311
0.2595
2.1235
-7.4771
-20.4754
-1.6087
1.4797
-9.7965
7.2024
18.6473
23.2268
34.3410
19.9878
-18.9825
-42.9131
-15.8134
26.2857
30.9828
18.1017
-4.3719
-19.9204
9.9231
16.2203
-7.4627
-7.1953
4.8071
28.1658
35.7124
-2.7722
-19.5503
9.7449
2.6104
-41.0171
-50.5547
-24.2664
-23.8472
-31.9110
-11.8683
20.0193
22.8895
-13.0188
-10.7404
11.1135
-2.5292
4.9092
15.2532
-1.5287
-18.8611
-26.2712
6.7169
15.7918
-23.6844
-5.7836
31.9484
19.2797
-8.3947
-15.4638
7.2818
11.5819
-15.2981
-35.9048
-24.4773
4.1457
28.9829
23.2777
1.8888
11.4465
30.0208
17.3774
-17.8081
-21.4962
-4.7302
-30.7845
-61.0307
-44.9910
-16.7268
7.3183
11.3309
0.7766
5.6571
0.0347
-10.3094
3.6488
24.3690
15.1685
-1.4107
-1.5534
-9.9214
-19.3774
-8.5769
16.6069
26.9035
-2.3554
-13.0045
-12.7452
-4.3228
23.5485
15.3391
-15.0509
-21.6238
-12.3172
-20.1992
-11.2510
11.1021
6.3014
3.6114
16.3395
5.9704
-5.2525
0.5228
-1.5907
1.3450
8.1829
2.6179
5.5920
9.3527
-1.1755
-3.3558
1.9459
-1.5874
-29.8549
-45.4555
-19.8761
-10.0779
-6.1576
19.4362
24.4658
11.8764
0.8235
7.3666
13.4231
5.3491
3.9751
-1.5836
-15.7076
-10.8746
10.3071
16.3730
6.3252
3.0907
9.7686
2.4190
-16.1897
-19.9902
2.2328
10.3145
7.9965
3.6768
-6.1271
-1.8173
-6.5270
1.8572
3.3526
-14.0291
-10.7586
9.6348
13.9331
-23.6579
-38.9078
-12.3021
20.8483
2.9009
-12.2311
15.2090
8.3753
0.0940
5.5495
20.5261
25.3031
-5.5075
-11.6154
-9.1395
-22.9611
-8.8449
6.4721
0.9063
-10.8527
-2.1600