9.0261
-9.1246
-27.2753
-27.2876
-27.2999
-16.83545
-6.371
-2.063
2.245
-8.02395
-18.2929
-20.894
-23.4951
-15.22815
-6.9612
-7.60825
-8.2553
-1.5105
5.2343
11.0038
16.7733
4.5249
-7.7235
-5.54035
-3.3572
3.71965
10.7965
3.4344
-3.9277
-6.6465
-9.3653
-9.91845
-10.4716
-11.983
-13.4944
-11.0622
-8.63
-10.5604
-12.4908
-5.36605
1.7587
5.05305
8.3474
-0.26925
-8.8859
3.22715
15.3402
22.53885
29.7375
16.48065
3.2238
-2.9593
-9.1424
1.9264
12.9952
22.20615
31.4171
17.105
2.7929
-3.367
-9.5269
3.2597
16.0463
15.1798
14.3133
7.9323
1.5513
2.4543
3.3573
-1.858
-7.0733
-5.15005
-3.2268
6.3615
15.9498
6.04015
-3.8695
-3.36085
-2.8522
6.7814
16.415
13.7889
11.1628
10.94195
10.7211
10.38725
10.0534
9.23655
8.4197
12.25605
16.0924
17.01455
17.9367
12.39575
6.8548
6.40035
5.9459
8.1652
10.3845
13.86625
17.348
8.8233
0.2986
-5.58495
-11.4685
-1.88595
7.6966
8.51465
9.3327
9.10155
8.8704
18.88775
28.9051
27.14745
25.3898
17.3342
9.2786
6.97145
4.6643
-4.51235
-13.689
-21.34705
-29.0051
-21.15875
-13.3124
-10.07645
-6.8405
-16.14475
-25.449
-31.20945
-36.9699
-32.76485
-28.5598
-22.0326
-15.5054
-12.8065
-10.1076
-11.62435
-13.1411
-0.7721
11.5969
17.06295
22.529
8.10875
-6.3115
-12.89925
-19.487
-25.50195
-31.5169
-24.8442
-18.1715
-11.04435
-3.9172
-3.8628
-3.8084
-0.27785
3.2527
-0.3475
-3.9477
-4.23235
-4.517
-1.52165
1.4737
3.68395
5.8942
11.37325
16.8523
23.26375
29.6752
28.7629
27.8506
22.4746
17.0986
10.9409
4.7832
-2.49755
-9.7783
-5.51175
-1.2452
1.8385
4.9222
1.35305
-2.2161
5.0177
12.2515
7.80255
3.3536
-6.2193
-15.7922
-18.5679
-21.3436
-15.4197
-9.4958
-0.0071
9.4816
13.16365
16.8457
15.36435
13.883
10.1245
6.366
7.7368
9.1076
7.9659
6.8242
7.39405
7.9639
0.1267
-7.7105
-12.9951
-18.2797
-16.8916
-15.5035
-13.0321
-10.5607
-4.36655
1.8276
-0.5769
-2.9814
-0.7614
1.4586
4.0656
6.6726
2.01185
-2.6489
-6.9224
-11.1959
-13.6246
-16.0533
-7.0897
1.8739
5.97015
10.0664
2.9478
-4.1708
-10.43215
-16.6935
-19.1129
-21.5323
-24.9571
-28.3819
-30.4029
-32.4239
-25.64955
-18.8752
-15.52715
-12.1791
-10.0749
-7.9707
-8.9706
-9.9705
-20.7285
-31.4865
-18.74975
-6.013
4.21015
14.4333
-3.3378
-21.1089
-23.4292
-25.7495
-18.9503
-12.1511
-11.49365
-10.8362
-7.336
-3.8358
2.68725
9.2103
8.2871
7.3639
8.9873
10.6107
11.8098
13.0089
9.04155
5.0742
11.3728
17.6714
30.2816
42.8918
57.3526
71.8134
73.0465
74.2796
42.65775
11.0359
-18.89355
-48.823
-31.94645
-15.0699
23.98905
63.048
71.87655
80.7051
69.5291
58.3531
58.86115
59.3692
56.74375
54.1183
37.8383
21.5583
2.93615
-15.686
-22.2465
-28.807
-25.60185
-22.3967
-24.858
-27.3193
-29.3045
-31.2897
-37.9255
-44.5613
-56.89145
-69.2216
-62.711
-56.2004
-36.9122
-17.624
-8.98505
-0.3461
-6.188
-12.0299
-3.7277
4.5745
24.6554
44.7363
36.9276
29.1189
9.35275
-10.4134
-16.4579
-22.5024
-23.1245
-23.7466
-14.56335
-5.3801
1.39135
8.1628
-0.00955
-8.1819
-3.4662
1.2495
18.17465
35.0998
50.6268
66.1538
62.3567
58.5596
42.8125
27.0654
22.32955
17.5937
14.4833
11.3729
-8.69055
-28.754
-43.6273
-58.5006
-41.99785
-25.4951
-9.8378
5.8195
-9.34575
-24.511
-54.74385
-84.9767
-82.2843
-79.5919
-39.7264
0.1391
42.2143
84.2895
74.8051
65.3207
30.43755
-4.4456
1.4743
7.3942
35.37615
63.3581
60.71835
58.0786
10.6944
-36.6898
-39.1533
-41.6168
13.45055
68.5179
70.332
72.1461
51.23745
30.3288
38.8109
47.293
35.31895
23.3449
-1.35145
-26.0478
-10.2453
5.5572
50.6589
95.7606
99.48845
103.2163
12.27315
-78.67
-121.0651
-163.4602
-122.13285
-80.8055
-53.6998
-26.5941
-21.12505
-15.656
-20.21855
-24.7811
-29.24065
-33.7002
-34.5977
-35.4952
-16.65925
2.1767
11.01785
19.859
4.0775
-11.704
-10.11675
-8.5295
-15.2997
-22.0699
-69.72785
-117.3858
-133.5893
-149.7928
-112.6736
-75.5544
-25.96745
23.6195
76.31885
129.0182
158.7606
188.503
189.9044
191.3058
144.9105
98.5152
18.974
-60.5672
-66.7993
-73.0314
-36.27805
0.4753
25.19075
49.9062
61.2764
72.6466
56.455
40.2634
-4.95295
-50.1693
-81.7274
-113.2855
-90.0408
-66.7961
-51.1016
-35.4071
-12.45735
10.4924
67.47935
124.4663
141.9396
159.4129
85.89105
12.3692
-52.9542
-118.2776
-99.60145
-80.9253
-66.75395
-52.5826
-81.86245
-111.1423
-103.665
-96.1877
-74.2285
-52.2693
-65.1641
-78.0589
-83.27715
-88.4954
-85.02415
-81.5529
-66.22
-50.8871
-14.46665
21.9538
32.34095
42.7281
28.34185
13.9556
31.07755
48.1995
60.1242
72.0489
43.3195
14.5901
-7.9804
-30.5509
11.7418
54.0345
127.9551
201.8757
188.4771
175.0785
88.6913
2.3041
-5.4046
-13.1133
20.8505
54.8143
5.88975
-43.0348
-114.3749
-185.715
-226.78
-267.845
-249.55205
-231.2591
-155.11005
-78.961
-56.4177
-33.8744
-81.9209
-129.9674
-133.1258
-136.2842
-64.84285
6.5985
90.40085
174.2032
202.43485
230.6665
207.10875
183.551
151.86845
120.1859
84.946
49.7061
28.9245
8.1429
41.1315
74.1201
56.6433
39.1665
3.65275
-31.861
1.7526
35.3662
42.18565
49.0051
9.5145
-29.9761
-95.13555
-160.295
-182.0279
-203.7608
-140.34175
-76.9227
-33.88395
9.1548
20.80675
32.4587
31.7589
31.0591
23.55955
16.06
78.4695
140.879
193.91055
246.9421
185.08425
123.2264
24.36405
-74.4983
-87.92645
-101.3546
-51.9921
-2.6296
23.20145
49.0325
42.28605
35.5396
-10.187
-55.9136
-103.856
-151.7984
-111.306
-70.8136
31.29005
133.3937
181.9692
230.5447
188.0333
145.5219
73.90075
2.2796
-29.8074
-61.8944
-42.8688
-23.8432
10.46125
44.7657
44.51925
44.2728
-0.14735
-44.5675
-77.17005
-109.7726
-91.57805
-73.3835
-68.7446
-64.1057
-55.3265
-46.5473
3.68595
53.9192
84.13735
114.3555
12.75045
-88.8546
-168.57285
-248.2911
-125.51015
-2.7292
122.558
247.8452
207.54615
167.2471
78.3278
-10.5915
-19.80035
-29.0092
15.4679
59.945
104.9566
149.9682
135.9925
122.0168
44.09485
-33.8271
-66.98175
-100.1364
-45.20435
9.7277
55.008
100.2883
69.84925
39.4102
-25.459
-90.3282
-104.9238
-119.5194
-45.09025
29.3389
65.6593
101.9797
28.57525
-44.8292
-84.3862
-123.9432
-71.15405
-18.3649
16.9808
52.3265
51.48945
50.6524
52.86045
55.0685
57.7592
60.4499
60.5788
60.7077
-0.65345
-62.0146
-86.5559
-111.0972
-42.97455
25.1481
15.256
5.3639
-47.0732
-99.5103
-118.51995
-137.5296
-123.3573
-109.185
-34.5228
40.1394
53.8443
67.5492
-0.11115
-67.7715
-65.4622
-63.1529
-12.5238
38.1053
18.75655
-0.5922
-46.3833
-92.1744
-90.1848
-88.1952
-71.20005
-54.2049
-30.3787
-6.5525
32.49405
71.5406
86.9646
102.3886
62.48695
22.5853
3.80645
-14.9724
14.80725
44.5869
20.73235
-3.1222
-29.4023
-55.6824
-24.76225
6.1579
36.0689
65.9799
61.48865
56.9974
-11.2775
-79.5524
-101.81115
-124.0699
-41.90405
40.2618
86.5323
132.8028
100.73165
68.6605
36.70955
4.7586
-23.5279
-51.8144
-51.6991
-51.5838
-19.24225
13.0993
23.5617
34.0241
42.597
51.1699
54.3074
57.4449
36.6308
15.8167
16.76475
17.7128
-3.53635
-24.7855
-75.26815
-125.7508
-101.8717
-77.9926
-32.1305
13.7316
-16.22525
-46.1821
-114.2779
-182.3737
-181.8733
-181.3729
-96.28715
-11.2014
27.24835
65.6981
11.2927
-43.1127
-45.23265
-47.3526
-7.4202
32.5122
0.1879
-32.1364
-58.31185
-84.4873
-34.2337
16.0199
71.345
126.6701
110.84805
95.026
37.5474
-19.9312
-47.82725
-75.7233
-90.4549
-105.1865
-84.1795
-63.1725
-6.9644
49.2437
101.9281
154.6125
69.34875
-15.915
-85.08455
-154.2541
-80.2158
-6.1775
71.22795
148.6334
75.6085
2.5836
-36.4278
-75.4392
-22.6575
30.1242
32.95655
35.7889
51.12645
66.464
25.8238
-14.8164
-60.46785
-106.1193
-69.83535
-33.5514
-9.24205
15.0673
11.25185
7.4364
37.0674
66.6984
55.61945
44.5405
30.4258
16.3111
3.47435
-9.3624
-102.16665
-194.9709
-214.04225
-233.1136
-151.12145
-69.1293
19.496
108.1213
78.1753
48.2293
-18.66295
-85.5552
-42.21645
1.1223
6.5012
11.8801
-18.628
-49.1361
-5.73415
37.6678
105.4423
173.2168
148.84675
124.4767
57.274
-9.9287
6.57555
23.0798
85.14225
147.2047
123.07565
98.9466
18.91805
-61.1105
-66.0895
-71.0685
-6.4532
58.1621
59.08195
60.0018
4.79285
-50.4161
-64.8239
-79.2317
-79.12175
-79.0118
-55.46635
-31.9209
17.3693
66.6595
60.9302
55.2009
12.30145
-30.598
-30.60055
-30.6031
1.0529
32.7089
43.6306
54.5523
39.441
24.3297
8.22715
-7.8754
-12.4775
-17.0796
-32.3004
-47.5212
-36.4151
-25.309
0.8478
27.0046
15.0627
3.1208
-14.90475
-32.9303
-17.7637
-2.5971
20.1525
42.9021
28.75695
14.6118
-20.6715
-55.9548
-60.8701
-65.7854
-21.68635
22.4127
38.1793
53.9459
5.90935
-42.1272
-41.77225
-41.4173
19.83415
81.0856
99.6978
118.31
76.00945
33.7089
6.3768
-20.9553
-2.6478
15.6597
8.8293
1.9989
-10.01595
-22.0308
4.2204
30.4716
24.11955
17.7675
-6.89995
-31.5674
-22.88965
-14.2119
-12.341
-10.4701
-13.1351
-15.8001
-10.177
-4.5539
-11.7852
-19.0165
-25.7426
-32.4687
-34.8929
-37.3171
-45.159
-53.0009
-43.8605
-34.7201
6.58825
47.8966
72.7866
97.6766
61.61395
25.5513
-12.8382
-51.2277
-2.499
46.2297
38.70955
31.1894
-11.84425
-54.8779
-6.86835
41.1412
35.2637
29.3862
1.7258
-25.9346
-6.89095
12.1527
10.6234
9.0941
-4.4258
-17.9457
-5.7346
6.4765
35.442
64.4075
74.0232
83.6389
48.09245
12.546
-15.2155
-42.977
-30.30585
-17.6347
3.1041
23.8429
59.0893
94.3357
83.0441
71.7525
36.9417
2.1309
-3.73625
-9.6034
-9.3117
-9.02
10.3406
29.7012
42.49345
55.2857
38.96785
22.65
9.01755
-4.6149
-23.8821
-43.1493
-49.77275
-56.3962
-24.5601
7.276
18.09985
28.9237
6.62005
-15.6836
-30.33835
-44.9931
-20.5689
3.8553
16.19875
28.5422
-0.4288
-29.3998
-36.0084
-42.617
-28.703
-14.789
-10.0757
-5.3624
-0.8675
3.6274
28.59505
53.5627
79.6252
105.6877
71.8708
38.0539
-2.5158
-43.0855
-35.658
-28.2305
-11.6791
4.8723
17.88215
30.892
31.84305
32.7941
20.60945
8.4248
0.6113
-7.2022
0.9013
9.0048
7.08795
5.1711
-20.1063
-45.3837
-45.44195
-45.5002
-19.76465
5.9709
21.3242
36.6775
36.57175
36.466
15.0993
-6.2674
-37.86465
-69.4619
-56.43035
-43.3988
21.29845
85.9957
90.50145
95.0072
32.5152
-29.9768
-39.6397
-49.3026
-27.0487
-4.7948
-10.03115
-15.2675
-11.68465
-8.1018
5.72875
19.5593
12.2121
4.8649
-7.5883
-20.0415
-23.8651
-27.6887
-19.3562
-11.0237
-19.63415
-28.2446
-30.04735
-31.8501
8.93755
49.7252
48.98995
48.2547
3.97265
-40.3094
-20.93905
-1.5687
21.2794
44.1275
36.84235
29.5572
21.3317
13.1062
-3.855
-20.8162
-16.89585
-12.9755
4.77145
22.5184
31.72675
40.9351
28.54015
16.1452
-8.4222
-32.9896
-21.57665
-10.1637
21.37405
52.9118
41.40085
29.8899
-5.2726
-40.4351
-41.9133
-43.3915
-30.49405
-17.5966
-4.06995
9.4567
8.05915
6.6616
-11.49765
-29.6569
-23.41505
-17.1732
1.6197
20.4126
25.38125
30.3499
13.3187
-3.7125
-21.99625
-40.28
-45.64535
-51.0107
-46.7412
-42.4717
-21.0229
0.4259
19.45185
38.4778
22.88935
7.3009
-7.87515
-23.0512
-28.84095
-34.6307
-29.95475
-25.2788
2.48675
30.2523
37.35695
44.4616
35.808
27.1544
44.3263
61.4982
62.45685
63.4155
20.35795
-22.6996
-60.6134
-98.5272
-92.79885
-87.0705
-59.4141
-31.7577
-5.26085
21.236
26.07485
30.9137
16.99035
3.067
-2.17185
-7.4107
-7.82055
-8.2304
9.55325
27.3369
50.97865
74.6204
56.51075
38.4011
26.0854
13.7697
5.67685
-2.416
-13.8535
-25.291
-12.7845
-0.278
-0.7796
-1.2812
-1.7371
-2.193
1.68035
5.5537
-8.5219
-22.5975
-24.2731
-25.9487
-3.3177
19.3133
14.36215
9.411
-9.77115
-28.9533
-44.29235
-59.6314
-65.52625
-71.4211
-40.24835
-9.0756
11.3063
31.6882
13.17035
-5.3475
-4.0599
-2.7723
6.5151
15.8025
-4.6646
-25.1317
-29.99825
-34.8648
-29.50435
-24.1439
-15.3089
-6.4739
11.7601
29.9941
29.1424
28.2907
21.4497
14.6087
24.02025
33.4318
36.5532
39.6746
37.69165
35.7087
41.2846
46.8605
24.8163
2.7721
-40.8457
-84.4635
-82.7964
-81.1293
-39.28115
2.567
8.41315
14.2593
-9.2117
-32.6827
-26.13305
-19.5834
-20.24125
-20.8991
-26.11325
-31.3274
-16.6219
-1.9164
-7.3841
-12.8518
-5.38745
2.0769
34.0106
65.9443
67.51925
69.0942
29.3809
-10.3324
-24.9392
-39.546
-30.7163
-21.8866
-8.6095
4.6676
25.76735
46.8671
39.30205
31.737
8.1343
-15.4684
-1.8266
11.8152
16.0827
20.3502
-12.3854
-45.121
-55.882
-66.643
-51.88555
-37.1281
-25.9259
-14.7237
-4.9962
4.7313
10.2878
15.8443
17.3577
18.8711
8.4141
-2.0429
-12.1096
-22.1763
-2.6189
16.9385
26.76025
36.582
30.94065
25.2993
29.2962
33.2931
32.07985
30.8666
34.17525
37.4839
38.754
40.0241
22.6358
5.2475
-16.69305
-38.6336
-43.8539
-49.0742
-26.2899
-3.5056
-2.62565
-1.7457
-21.32125
-40.8968
-32.55995
-24.2231
-17.4622
-10.7013
-7.02275
-3.3442
11.6605
26.6652
20.8265
14.9878
-6.14125
-27.2703
-19.8509
-12.4315
7.36165
27.1548
26.03595
24.9171
24.27775
23.6384
31.5636
39.4888
35.445
31.4012
19.69175
7.9823
-3.7533
-15.4889
-4.8957
5.6975
5.6759
5.6543
-23.00045
-51.6552
-49.16835
-46.6815
-23.3951
-0.1087
8.3586
16.8259
27.1776
37.5293
41.86315
46.197
18.77555
-8.6459
-21.133
-33.6201
-22.4641
-11.3081
-5.2697
0.7687
12.57045
24.3722
24.04655
23.7209
-1.7466
-27.2141
-27.7966
-28.3791
-3.89915
20.5808
17.1216
13.6624
7.0234
0.3844
-0.93615
-2.2567
-6.70905
-11.1614
-3.2156
4.7302
5.53355
6.3369
5.5807
4.8245
22.07745
39.3304
37.89955
36.4687
15.1036
-6.2615
-11.33625
-16.411
-14.2049
-11.9988
-12.69645
-13.3941
-17.50455
-21.615
-23.57245
-25.5299
-14.84085
-4.1518
0.2258
4.6034
-6.691
-17.9854
-29.57465
-41.1639
-36.95035
-32.7368
-26.91725
-21.0977
-17.85325
-14.6088
-13.37145
-12.1341
-26.1787
-40.2233
-27.5679
-14.9125
1.5613
18.0351
13.83335
9.6316
14.5102
19.3888
24.2956
29.2024
39.18995
49.1775
39.80035
30.4232
3.89695
-22.6293
-7.5532
7.5229
7.17345
6.824
-5.28425
-17.3925
-7.1872
3.0181
-4.6716
-12.3613
-14.7842
-17.2071
-3.38585
10.4354
6.8176
3.1998
-12.61095
-28.4217
-19.7204
-11.0191
4.2086
19.4363
13.46675
7.4972
-0.1438
-7.7848
-6.7196
-5.6544
-1.9384
1.7776
2.65295
3.5283
-3.9024
-11.3331
-19.08735
-26.8416
-36.89545
-46.9493
-42.0387
-37.1281
-11.9593
13.2095
15.38125
17.553
5.74265
-6.0677
0.68545
7.4386
12.5293
17.62
8.17765
-1.2647
5.4243
12.1133
29.1243
46.1353
38.63985
31.1444
8.3548
-14.4348
-8.08775
-1.7407
5.419
12.5787
3.879
-4.8207
-0.88575
3.0492
4.7469
6.4446
-0.9254
-8.2954
-14.70065
-21.1059
-14.43445
-7.763
-6.81965
-5.8763
-3.8234
-1.7705
13.0934
27.9573
25.1835
22.4097
13.23755
4.0654
0.95885
-2.1477
-7.3544
-12.5611
-15.77965
-18.9982
-26.33455
-33.6709
-29.2303
-24.7897
-2.3152
20.1593
19.27675
18.3942
11.57745
4.7607
16.4429
28.1251
13.7495
-0.6261
-13.858
-27.0899
-12.6018
1.8863
4.5484
7.2105
15.50765
23.8048
18.69015
13.5755
0.47945
-12.6166
3.19325
19.0031
24.51855
30.034
21.6993
13.3646
21.4686
29.5726
24.00655
18.4405
-2.1558
-22.7521
-18.8416
-14.9311
-7.3358
0.2595
1.1915
2.1235
-2.6768
-7.4771
-13.97625
-20.4754
-11.04205
-1.6087
-0.0645
1.4797
-4.1584
-9.7965
-1.29705
7.2024
12.92485
18.6473
20.93705
23.2268
28.7839
34.341
27.1644
19.9878
0.50265
-18.9825
-30.9478
-42.9131
-29.36325
-15.8134
5.23615
26.2857
28.63425
30.9828
24.54225
18.1017
6.8649
-4.3719
-12.14615
-19.9204
-4.99865
9.9231
13.0717
16.2203
4.3788
-7.4627
-7.329
-7.1953
-1.1941
4.8071
16.48645
28.1658
31.9391
35.7124
16.4701
-2.7722
-11.16125
-19.5503
-4.9027
9.7449
6.17765
2.6104
-19.20335
-41.0171
-45.7859
-50.5547
-37.41055
-24.2664
-24.0568
-23.8472
-27.8791
-31.911
-21.88965
-11.8683
4.0755
20.0193
21.4544
22.8895
4.93535
-13.0188
-11.8796
-10.7404
0.18655
11.1135
4.29215
-2.5292
1.19
4.9092
10.0812
15.2532
6.86225
-1.5287
-10.1949
-18.8611
-22.56615
-26.2712
-9.77715
6.7169
11.25435
15.7918
-3.9463
-23.6844
-14.734
-5.7836
13.0824
31.9484
25.61405
19.2797
5.4425
-8.3947
-11.92925
-15.4638
-4.091
7.2818
9.43185
11.5819
-1.8581
-15.2981
-25.60145
-35.9048
-30.19105
-24.4773
-10.1658
4.1457
16.5643
28.9829
26.1303
23.2777
12.58325
1.8888
6.66765
11.4465
20.73365
30.0208
23.6991
17.3774
-0.21535
-17.8081
-19.65215
-21.4962
-13.1132
-4.7302
-17.75735
-30.7845
-45.9076
-61.0307
-53.01085
-44.991
-30.8589
-16.7268
-4.70425
7.3183
9.3246
11.3309
6.05375
0.7766
3.21685
5.6571
2.8459
0.0347
-5.13735
-10.3094
-3.3303
3.6488
14.0089
24.369
19.76875
15.1685
6.8789
-1.4107
-1.48205
-1.5534
-5.7374
-9.9214
-14.6494
-19.3774
-13.97715
-8.5769
4.015
16.6069
21.7552
26.9035
12.27405
-2.3554
-7.67995
-13.0045
-12.87485
-12.7452
-8.534
-4.3228
9.61285
23.5485
19.4438
15.3391
0.1441
-15.0509
-18.33735
-21.6238
-16.9705
-12.3172
-16.2582
-20.1992
-15.7251
-11.251
-0.07445
11.1021
8.70175
6.3014
4.9564
3.6114
9.97545
16.3395
11.15495
5.9704
0.35895
-5.2525
-2.36485
0.5228
-0.53395
-1.5907
-0.12285
1.345
4.76395
8.1829
5.4004
2.6179
4.10495
5.592
7.47235
9.3527
4.0886
-1.1755
-2.26565
-3.3558
-0.70495
1.9459
0.17925
-1.5874
-15.72115
-29.8549
-37.6552
-45.4555
-32.6658
-19.8761
-14.977
-10.0779
-8.11775
-6.1576
6.6393
19.4362
21.951
24.4658
18.1711
11.8764
6.34995
0.8235
4.09505
7.3666
10.39485
13.4231
9.3861
5.3491
4.6621
3.9751
1.19575
-1.5836
-8.6456
-15.7076
-13.2911
-10.8746
-0.28375
10.3071
13.34005
16.373
11.3491
6.3252
4.70795
3.0907
6.42965
9.7686
6.0938
2.419
-6.88535
-16.1897
-18.08995
-19.9902
-8.8787
2.2328
6.27365
10.3145
9.1555
7.9965
5.83665
3.6768
-1.22515
-6.1271
-3.9722
-1.8173
-4.17215
-6.527
-2.3349
1.8572
2.6049
3.3526
-5.33825
-14.0291
-12.39385
-10.7586
-0.5619
9.6348
11.78395
13.9331
-4.8624
-23.6579
-31.28285
-38.9078
-25.60495
-12.3021
4.2731
20.8483
11.8746
2.9009
-4.6651
-12.2311
1.48895
15.209
11.79215
8.3753
4.23465
0.094
2.82175
5.5495
13.0378
20.5261
22.9146
25.3031
9.8978
-5.5075
-8.56145
-11.6154
-10.37745
-9.1395
-16.0503
-22.9611
-15.903
-8.8449
-1.1864
6.4721
3.6892
0.9063
-4.9732
-10.8527
-6.50635
-2.16